cam0:
  cam_overlaps: [1]
  camera_model: pinhole
  distortion_coeffs: [-0.011602611404146694, 0.05399058892805103, -0.07542693754837938, 0.03666365316319072]
  distortion_model: equidistant
  intrinsics: [461.3418503026154, 460.13885656354387, 366.4281018364134, 248.8415565479774]
  resolution: [752, 480]
  rostopic: /cam0_0/image_raw
cam1:
  T_cn_cnm1:
  - [0.9999964092230391, 0.0022551294207702314, -0.0014477335121195142, -0.11006339056724425]
  - [-0.002234380261272062, 0.9998970009983116, 0.014177268405057909, 0.000510253673254922]
  - [0.0014795559720994585, -0.014173982710466103, 0.9998984494078623, -0.0006164896618526655]
  - [0.0, 0.0, 0.0, 1.0]
  cam_overlaps: [0]
  camera_model: pinhole
  distortion_coeffs: [0.005730625619095735, -0.009587210461496316, 0.01921165649877144, -0.010717188529046507]
  distortion_model: equidistant
  intrinsics: [459.6820431465863, 458.37659300282706, 380.01198798196646, 255.55347731935623]
  resolution: [752, 480]
  rostopic: /cam1_0/image_raw
