cam0:
  cam_overlaps: [1]
  camera_model: pinhole
  distortion_coeffs: [-0.005444950797511846, 0.04048983553340411, -0.06120639040996696,
    0.03236067857193078]
  distortion_model: equidistant
  intrinsics: [471.28628076049876, 470.9840301351218, 378.69695230498934, 249.5534861993627]
  resolution: [752, 480]
  rostopic: /pegasus/cam0/image_raw
cam1:
  T_cn_cnm1:
  - [0.9999875653493403, 0.0041416435199844925, -0.0027777573059136512, 0.11008923962715718]
  - [-0.00414289522236651, 0.9999913191533374, -0.0004450136435262047, -0.0002828251763140032]
  - [0.0027758901047553997, 0.00045651606740857245, 0.9999960430057735, 0.0007865060073125473]
  - [0.0, 0.0, 0.0, 1.0]
  cam_overlaps: [0]
  camera_model: pinhole
  distortion_coeffs: [-0.0034063811272957143, 0.016919112274746864, -0.019320167117386787,
    0.008351615459041284]
  distortion_model: equidistant
  intrinsics: [463.10451463960914, 462.9208208002678, 378.43673837205506, 238.6639374175317]
  resolution: [752, 480]
  rostopic: /pegasus/cam1/image_raw
