cam0:
  cam_overlaps: [1]
  camera_model: pinhole
  distortion_coeffs: [-0.02625869967006104, -0.00464060090994645, -0.0038956099588177157,
    0.004356362366739854]
  distortion_model: equidistant
  intrinsics: [320.822564492632, 320.78304476923114, 372.50689105319515, 243.35539125887203]
  resolution: [752, 480]
  rostopic: /sepp/cam0/image_raw
cam1:
  T_cn_cnm1:
  - [0.9999540890883761, 0.0022290081145651137, -0.009319401175152812, 0.10979518060410605]
  - [-0.0021405916193914997, 0.999952710096134, 0.009486592587358006, 2.6229638276562262e-05]
  - [0.009340106153423932, -0.009466208017190827, 0.999911572751721, 0.0007815771970975261]
  - [0.0, 0.0, 0.0, 1.0]
  cam_overlaps: [0]
  camera_model: pinhole
  distortion_coeffs: [-0.034038440407550496, 0.004552079555141022, -0.0077999758221429,
    0.004679597162033295]
  distortion_model: equidistant
  intrinsics: [318.5162620444096, 318.4088180417426, 376.7094299450708, 256.3184085118571]
  resolution: [752, 480]
  rostopic: /sepp/cam2/image_raw